        188
 1793337479
-1976419219
-1231207264
-1160339511
 -904242399
  792397400
-1286295724
  301076018
 1550452809
 1502821969
-1833050000
 1757745343
 1778030969
 1369301691
  614807071
 -541553834
-1161725753
-1143311116
 -196823633
-1976442163
 -886529189
 1409031139
 1163325653
 -269754678
-2095402029
  495061430
  556873572
 1354996629
  268602323
-2061007995
  851791437
-2100466416
 -847199899
 1627641126
 1921285946
-1480743552
-1850309836
 -605456564
 1906312209
 -733368886
   32493183
 1306024926
 1864314194
 1850456919
 1813167784
-1374850898
 1291771866
 -900247267
-1047466535
-2054878727
  388833612
 1667022118
 -152871411
  686611158
-1620256112
  602782022
  684763355
-1387299578
 -213035204
  842127757
 2090641926
 -260696840
  565851820
 1896975432
 1385073795
   -9976535
  205228952
-1446412490
-1269416178
-1370180111
 -499520181
  -37484220
 -957847815
 -925353631
 -732461718
  839393760
 -231607333
 2001571609
-1564660788
   84333186
-2129893525
 -470769560
  710283954
-1307655135
  624323596
-1177854954
 -715585846
 1832339248
-1471351367
-1789388999
 -301793793
 1240796962
 -641781389
-1100053811
 1520841031
 -240761346
 1938825774
-1507496592
 1113696710
  505346853
  524214579
 1249090571
 -324062658
  458207167
 1683221578
 1732733005
 -231035374
  989666689
 2033568750
-1927153157
-1299235344
  999656493
-1370226879
-1781112126
-1000173663
 -107788679
 1436138522
  328289671
 1494249666
 -902360693
 1390375163
  362593670
   52967284
-1606528452
 1779063314
 1340080359
 1433343002
-1244131923
 -259639900
 -838327485
  764343845
 -828712408
 1934992838
-1313923997
 2117730880
 1814208184
  709488551
 1607260687
 -810980589
  611730492
 1772094838
  158378165
-1785239538
 1930400965
 1168581481
 -530528161
 1473710425
-1450707543
  956125734
 1177095304
-1820501822
  384226014
-2028302789
 2111001627
-1263420906
 1116542814
-1509648522
  239596593
 -660474372
  165488474
 -355018210
-1512739639
  785262679
  747050294
 1090536369
 1756098520
  119944980
   21630662
 -598491653
 1942010714
 -975921211
 2077412841
 1273249355
-1242629751
-1958717394
 -580731399
 -598145342
-1268591939
 1858156670
 1298306263
 -115263293
 -114847771
-2092550439
  435823050
 1732685534
-1433413530
-1108667451
 1743067501
-1874697046
-1166715340
 2041728258
 -653887971
-1771204610
-1393268585
 1987762090
-2080852990
  884080756
-1177106533
-1665531279
 -526838885
 2146145534
 -711551570
 -927601073
-1885543963
 -187267464
 1440563499
  727366105
  -63683782
 1534672036
 -877827849
 1790129598
-1770966035
 1647675162
 1536865886
 1887304605
  966982239
  982438800
 -668795584
-1357961228
 1993337856
 -541012435
 1657394840
   -7701092
  490023800
  550035500
  172572707
 -208171618
 2102700081
 -946597049
-1304948774
 2006437304
-1658675540
-1792190698
  908446588
-1447179698
 2014813892
-1850142515
  514502434
 1654397049
-1146489995
 1750755607
 -609747826
  476927598
 1221545360
 1069071421
 -449169672
  866819346
  -12740514
-1206881977
 1753677024
  834517682
-1138174994
 1982332252
  930157672
 1544487014
-1764865075
  129499680
 -283489586
 1005665280
  346163715
 -449864851
 1884005366
 -493464470
  583268632
 -275842663
 -907883472
 2130528837
 -708185345
-1618671368
 -698360111
-1486554954
  472033337
 1055630670
   23921088
 -487353707
  514934776
 -102767442
-1010554214
 -760064325
  768740313
  230513384
 -651199490
 1146530498
 1365508946
 1098610908
  884840769
 1611169790
 -713499620
 1321351298
  769653700
  724718230
 1721709327
 -820238548
 2107282818
 1629618351
 1071444202
 -431501011
 1275729037
  266735366
 1176249917
 -901654802
 1333001421
 -228772658
 1235871430
  -39437352
-1467243494
-1848161613
 1498056559
-1147746800
-1128525706
 2134581353
-1421010413
 1921496390
  284404377
 1123767590
 -227688925
 1670396835
 -192616202
 2104908956
 -976263829
 -935185913
-1665144831
 1507269774
 2094559069
  700918787
 1425445634
 1161636578
  541209690
 1813259174
 -453530386
 2081500994
 -405091954
 -514841451
 -350593874
 1152164626
-1679184283
 -893106327
-1160594173
-1965062315
 2015386783
 1069823106
 -687555976
  108383608
-2138358043
 1500264149
-1166183863
-1613171751
  -95953974
  586202125
 -133252018
  620854143
-1194696445
 1334313202
 1065361831
-1784842788
 -330564498
 2044112232
 -152882254
 -137004944
  -55431729
 1956772959
  912099043
 1752708350
 1364420311
-1766723233
-1704621429
  170775749
 -663829584
-1945505918
 -241114860
 1749100160
-1425818925
-1937677943
  155958632
 1867601460
  153353414
 1562299690
 -338765787
-2028297694
 1605867921
 -883571303
 -578699230
-1640867613
  828958697
 -434732053
 2027120269
  -96983172
 -541233644
  505984030
  -15761308
   13287322
  716696107
 -729938541
-1144829746
-1411147519
-1090492541
-1994676738
  102457490
  401347999
-1094928754
 -626962621
 1817166867
  240384786
 -378377290
  510929051
 -160918911
 1133937797
-1202444650
 -463989311
 1080824394
  705392115
 1462417669
-1860180474
-1167679095
-2143614319
  680227485
  709247385
-1081910896
 -720663117
  507718936
-1626533882
-2079968853
 -747887997
 1214644842
 -905265631
-1461712567
  882952096
 1180636604
-1042123933
  206066065
-2123784096
-1063596001
 -258548413
  -51219303
-1855315703
 1240596781
 1894594945
 -910532350
 1631064762
  764263265
  223655828
-2015491840
-1213152914
 -766241245
 1419554706
 -754648470
 1501682021
 1632987837
 1711190836
 -873620033
  717269574
 1851114509
  110242425
  445540575
-1028361558
  808535494
 1265134791
 -116761319
  699797140
 1857879115
  141552453
-2007430607
 1849347739
 -799753406
  568331699
 1057060047
 1408709958
 -531295041
 1247030395
-2120681055
 1680301595
-1181492156
-1644679452
-1859495240
 1985650227
 -283456701
-1592657157
  301238401
-1997748062
-1290714528
  -10828137
-1578671169
-1055937568
  185933794
-1464178372
 1900755415
 1395565597
 1023175007
 1474136158
 1677534519
-1574004482
 2108973998
 1518729733
-1883801369
  282274529
 -844675248
  636823075
 -124521205
  176526752
  941233893
-1065373664
 1598392287
-1527330453
  353050561
 1354766113
-1360137718
-1507632844
-1482673703
 -261562962
   77464529
 -302338197
  783089710
 1027816477
 1215591873
 1925849074
 1341189972
 -144337497
 1110854887
 -853450607
 1580789190
 -743743082
  104411635
 -144076965
-2105438206
 -762299592
-1185300089
  785751808
-1742602164
  124196971
 1188941356
-1135883408
-1023592636
 2014837577
-1189010053
  952300266
 1783851525
 -922810814
-1319153909
 2028380665
 1651127727
 -764558671
-1403034261
 -607075896
-1326768625
 1309810349
-1516816438
 1054024459
 2126943014
 2021089106
-2007801172
-1695067201
  778968004
 1888157292
 -191325438
 1438332022
 1300041073
  664347531
 1605455759
 1344897706
 -837489132
 1567426360
   42584069
 -724060743
 1291208053
 1081984547
  424462524
  600155172
 -242048892
 1257006516
-2144835822
 1893368204
  730776894
-1022422700
-1199642186
-1574165593
 1883833499
 1066865553
 -207369733
-1265223608
 1929627745
 -719103487
-1385638108
 -642470866
  -59842823
 1845691082
 -133329673
-2005532557
 1551899669
 1145326442
  261054432
 -864828393
  198760849
-1804978405
 -616745172
   32376660
  -28524743
 1745944731
-1332847477
 -480165909
-1512372402
 -393942091
 -561341478
-1993190332
-1241496332
    2836404
-1618576746
-1017618274
 1727313855
 1487285258
 1801890772
  -12330467
 1541023340
  786179025
  -23627608
-1185934218
-1417156525
-1117418361
-1106324411
  197255906
 1451008612
-1813357039
 1407413412
-2053355830
  627114338
