   0.00000000      0.00000000      0.00000000     0.127728217E-15 00000
  0.445453913      0.00000000      0.00000000     0.966081882E-01 10000
  -2.69983597      0.00000000      0.00000000    -0.768930564E-01 01000
   0.00000000    -0.362859280    -0.555099104      0.00000000     00100
   0.00000000      1.24869316    -0.845648889      0.00000000     00010
   1.11415972      0.00000000      0.00000000     0.226573949     00001
 -0.358107058      0.00000000      0.00000000     0.525853295E-01 20000
   3.44097574      0.00000000      0.00000000    -0.674718949     11000
  -8.10119045      0.00000000      0.00000000      2.58099650     02000
   0.00000000     0.667925243     0.550041000E-01  0.00000000     10100
   0.00000000     -10.2000746      2.55103126      0.00000000     01100
  0.321151891E-01  0.00000000      0.00000000     0.305220491     00200
   0.00000000    -0.102311247     -1.90240791      0.00000000     10010
   0.00000000     -3.49130789      9.65168813      0.00000000     01010
  0.101516358E-01  0.00000000      0.00000000     0.478597213     00110
 -0.661154976      0.00000000      0.00000000    -0.293967207     10001
   1.85235720      0.00000000      0.00000000      1.77849501     01001
   0.00000000     -2.65667500      1.23617457      0.00000000     00101
  0.536094074      0.00000000      0.00000000    -0.343358196     00020
   0.00000000     -1.43004176    -0.250243999      0.00000000     00011
 -0.896076405      0.00000000      0.00000000    -0.647701625E-01 00002
  0.219638081      0.00000000      0.00000000    -0.182178604     30000
  -2.96015537      0.00000000      0.00000000      3.58353897     21000
   12.7089481      0.00000000      0.00000000     -23.2216250     12000
  -16.7857135      0.00000000      0.00000000      50.1050582     03000
   0.00000000     0.797164288     -1.14900826      0.00000000     20100
   0.00000000     -7.76497024      12.7352370      0.00000000     11100
   0.00000000      21.7475768     -37.4638028      0.00000000     02100
   4.05683938      0.00000000      0.00000000     0.430359080     10200
  -25.0222323      0.00000000      0.00000000     -3.04464430     01200
   0.00000000      28.0349431     -10.3178103      0.00000000     00300
   0.00000000    -0.435991941     -2.33047479      0.00000000     20010
   0.00000000     -10.7304526      33.6619949      0.00000000     11010
   0.00000000      48.5169979     -102.971980      0.00000000     02010
   3.35564392      0.00000000      0.00000000      1.08261679     10110
  -19.6891149      0.00000000      0.00000000     -3.29475677     01110
   0.00000000      44.9093556     -15.7862802      0.00000000     00210
   2.78526102      0.00000000      0.00000000     0.409968955     20001
  -30.8124660      0.00000000      0.00000000     -4.51434668     11001
   86.6817637      0.00000000      0.00000000      12.8444016     02001
   0.00000000      16.9597950     -7.94320889      0.00000000     10101
   0.00000000     -94.2331172      44.3224524      0.00000000     01101
   13.1161856      0.00000000      0.00000000      1.90068794     00201
   2.11441054      0.00000000      0.00000000    -0.694799012     10020
  -13.0689463      0.00000000      0.00000000      4.11124971     01020
   0.00000000      33.7760557     -18.5311898      0.00000000     00120
   0.00000000     0.381449095      1.05854268      0.00000000     10011
   0.00000000     -20.9203103      1.69004051      0.00000000     01011
   9.95603793      0.00000000      0.00000000      2.29434230     00111
   9.86355715      0.00000000      0.00000000      1.20142345     10002
  -56.6299803      0.00000000      0.00000000     -6.94276018     01002
   0.00000000      22.5064045     -10.4320050      0.00000000     00102
   0.00000000      13.1235892      8.47668239      0.00000000     00030
   5.47613016      0.00000000      0.00000000     0.567669046     00021
   0.00000000      6.26061276     -1.98137381      0.00000000     00012
   10.4510977      0.00000000      0.00000000      1.27007725     00003
 -0.128729224      0.00000000      0.00000000    -0.805529052     40000
  0.800834001      0.00000000      0.00000000      19.4562527     31000
   10.8382663      0.00000000      0.00000000     -175.318323     22000
  -106.671833      0.00000000      0.00000000      698.755138     13000
   243.466630      0.00000000      0.00000000     -1039.20195     04000
   0.00000000      8.04554853      3.06263500      0.00000000     30100
   0.00000000     -163.218184     -42.8730997      0.00000000     21100
   0.00000000      1083.36700      189.757922      0.00000000     12100
   0.00000000     -2365.54388     -254.539428      0.00000000     03100
  -8.61419138      0.00000000      0.00000000      3.68023582     20200
   85.5530400      0.00000000      0.00000000     -46.4383817     11200
  -204.487323      0.00000000      0.00000000      146.423776     02200
   0.00000000     -61.0994217      21.4517320      0.00000000     10300
   0.00000000      261.396222     -89.4026117      0.00000000     01300
  0.183097933      0.00000000      0.00000000    -0.959127124     00400
   0.00000000      20.7787815     -5.78981222      0.00000000     30010
   0.00000000     -398.010749      98.7718582      0.00000000     21010
   0.00000000      2519.85819     -563.698522      0.00000000     12010
   0.00000000     -5253.62102      1063.12743      0.00000000     03010
   19.6682408      0.00000000      0.00000000      25.9087871     20110
  -219.304783      0.00000000      0.00000000     -305.404985     11110
   598.288546      0.00000000      0.00000000      897.040405     02110
   0.00000000      158.283762     -67.2987317      0.00000000     10210
   0.00000000     -673.675472      309.104039      0.00000000     01210
 -0.316229463      0.00000000      0.00000000     -4.92014547     00310
  -5.31731999      0.00000000      0.00000000    -0.693393243     30001
   75.5160655      0.00000000      0.00000000      10.6283357     21001
  -341.156907      0.00000000      0.00000000     -53.7936644     12001
   474.364025      0.00000000      0.00000000      89.9441019     03001
   0.00000000     -29.5418258      16.0497956      0.00000000     20101
   0.00000000      279.337405     -158.194775      0.00000000     11101
   0.00000000     -633.164133      381.329917      0.00000000     02101
  -33.4559627      0.00000000      0.00000000     -5.23306357     10201
   151.264100      0.00000000      0.00000000      26.6498941     01201
   0.00000000     -69.8423576      28.1153577      0.00000000     00301
   16.1394192      0.00000000      0.00000000      14.8264913     20020
  -173.930515      0.00000000      0.00000000     -181.139991     11020
   464.966547      0.00000000      0.00000000      554.838412     02020
   0.00000000      231.109687     -116.251142      0.00000000     10120
   0.00000000     -1057.01873      560.111237      0.00000000     01120
   3.97240795      0.00000000      0.00000000     -2.18785549     00220
   0.00000000      29.7567940     -14.7473321      0.00000000     20011
   0.00000000     -284.570475      141.017733      0.00000000     11011
   0.00000000      667.744062     -330.991129      0.00000000     02011
   64.7932010      0.00000000      0.00000000      11.1757760     10111
  -310.192860      0.00000000      0.00000000     -53.5967290     01111
   0.00000000      6.89870605     -7.17733540      0.00000000     00211
  -23.3253594      0.00000000      0.00000000     -3.58213562     20002
   218.891984      0.00000000      0.00000000      36.7006429     11002
  -485.083346      0.00000000      0.00000000     -92.4390666     02002
   0.00000000     -64.0283933      29.8134203      0.00000000     10102
   0.00000000      298.943709     -141.717213      0.00000000     01102
  -29.2146488      0.00000000      0.00000000     -3.26165672     00202
   0.00000000      90.1772674     -3.92396285      0.00000000     10030
   0.00000000     -233.395921     -50.3090271      0.00000000     01030
   5.98773103      0.00000000      0.00000000     -21.8197433     00130
   40.7189984      0.00000000      0.00000000      7.00463380     10021
  -207.071026      0.00000000      0.00000000     -32.5581535     01021
   0.00000000      50.6758882     -24.7940116      0.00000000     00121
   0.00000000      61.6241936     -33.5593951      0.00000000     10012
   0.00000000     -281.277376      156.859962      0.00000000     01012
   4.89168844      0.00000000      0.00000000      1.55661294     00112
  -39.6435877      0.00000000      0.00000000     -5.52900227     10003
   177.588496      0.00000000      0.00000000      27.3071918     01003
   0.00000000     -48.9704025      21.7217855      0.00000000     00103
  -6.82505122      0.00000000      0.00000000     -6.02457733     00040
   0.00000000      92.9201551     -37.4640651      0.00000000     00031
   12.0184303      0.00000000      0.00000000      2.37421234     00022
   0.00000000      7.55064207     -9.77787034      0.00000000     00013
  -29.8074722      0.00000000      0.00000000     -3.17299045     00004
   9.05699230      0.00000000      0.00000000      25.5913453     50000
  -261.809913      0.00000000      0.00000000     -779.308080     41000
   3037.49330      0.00000000      0.00000000      9482.26393     32000
  -17678.7465      0.00000000      0.00000000     -57632.1288     23000
   51612.2965      0.00000000      0.00000000      174990.127     14000
  -60458.9522      0.00000000      0.00000000     -212367.767     05000
   0.00000000     -108.561871     -13.3019467      0.00000000     40100
   0.00000000      2635.01882      289.526654      0.00000000     31100
   0.00000000     -23935.6696     -2369.53403      0.00000000     22100
   0.00000000      96486.2935      8637.50664      0.00000000     13100
   0.00000000     -145694.286     -11824.6819      0.00000000     04100
   12.0110885      0.00000000      0.00000000     -106.961350     30200
  -173.633772      0.00000000      0.00000000      1911.75574     21200
   844.745642      0.00000000      0.00000000     -11393.9393     12200
  -1404.45660      0.00000000      0.00000000      22644.0874     03200
   0.00000000      278.795698     -60.3951108      0.00000000     20300
   0.00000000     -3099.88528      636.025708      0.00000000     11300
   0.00000000      8812.86950     -1739.76883      0.00000000     02300
   43.6279105      0.00000000      0.00000000      39.1739581     10400
  -267.794234      0.00000000      0.00000000     -232.809708     01400
   0.00000000      153.063043     -49.9762578      0.00000000     00500
   0.00000000     -163.647907     -13.6249812      0.00000000     40010
   0.00000000      3922.29962      322.418787      0.00000000     31010
   0.00000000     -35488.3009     -2791.20534      0.00000000     22010
   0.00000000      143563.245      10479.9594      0.00000000     13010
   0.00000000     -218940.638     -14374.5559      0.00000000     04010
  -61.8650417      0.00000000      0.00000000     -339.977136     30110
   962.486802      0.00000000      0.00000000      6132.71831     21110
  -5016.13811      0.00000000      0.00000000     -36910.2584     12110
   8809.17195      0.00000000      0.00000000      74126.6268     03110
   0.00000000      373.208807      81.3862358      0.00000000     20210
   0.00000000     -5696.56432     -481.434436      0.00000000     11210
   0.00000000      19427.5158      464.779792      0.00000000     02210
   96.4182122      0.00000000      0.00000000      186.487584     10310
  -574.336894      0.00000000      0.00000000     -1133.21418     01310
   0.00000000      456.398361     -150.549524      0.00000000     00410
   19.4703093      0.00000000      0.00000000      17.9100784     40001
  -419.314840      0.00000000      0.00000000     -424.165153     31001
   3416.56439      0.00000000      0.00000000      3774.25416     22001
  -12504.0976      0.00000000      0.00000000     -14952.8917     13001
   17370.8602      0.00000000      0.00000000      22253.1402     04001
   0.00000000      48.0232957     -50.6678590      0.00000000     30101
   0.00000000     -663.771093      807.441457      0.00000000     21101
   0.00000000      2982.38324     -4312.20132      0.00000000     12101
   0.00000000     -4313.80976      7723.05271      0.00000000     03101
   185.260253      0.00000000      0.00000000     -3.80053000     20201
  -2055.70488      0.00000000      0.00000000      62.1047256     11201
   5818.24930      0.00000000      0.00000000     -219.664407     02201
   0.00000000      602.559345     -241.636126      0.00000000     10301
   0.00000000     -3310.31404      1323.66403      0.00000000     01301
   90.8026944      0.00000000      0.00000000      21.6726325     00401
  -1.31264326      0.00000000      0.00000000     -252.776132     30020
   91.4349382      0.00000000      0.00000000      4648.07487     21020
  -955.769777      0.00000000      0.00000000     -28520.7501     12020
   2700.26799      0.00000000      0.00000000      58375.3853     03020
   0.00000000      1345.95082     -344.766336      0.00000000     20120
   0.00000000     -15126.8268      3540.04989      0.00000000     11120
   0.00000000      42743.3225     -9023.88377      0.00000000     02120
   193.240569      0.00000000      0.00000000      448.782968     10220
  -1194.78557      0.00000000      0.00000000     -2735.74165     01220
   0.00000000      1426.77820     -509.208772      0.00000000     00320
   0.00000000     -33.8900097     -3.07367341      0.00000000     30011
   0.00000000      331.643435      191.218802      0.00000000     21011
   0.00000000     -715.975939     -1774.36336      0.00000000     12011
   0.00000000     -420.113042      4473.33857      0.00000000     03011
  -50.3455486      0.00000000      0.00000000     -90.0616016     20111
   196.213253      0.00000000      0.00000000      1017.60681     11111
   268.514733      0.00000000      0.00000000     -2899.41332     02111
   0.00000000     -133.593009      111.459014      0.00000000     10211
   0.00000000     -182.264862     -269.731548      0.00000000     01211
   149.868339      0.00000000      0.00000000      51.8495271     00311
   92.0742809      0.00000000      0.00000000      16.5772065     30002
  -1466.92905      0.00000000      0.00000000     -274.031342     21002
   7876.41376      0.00000000      0.00000000      1519.31804     12002
  -14292.9150      0.00000000      0.00000000     -2827.01605     03002
   0.00000000      330.263848     -160.256797      0.00000000     20102
   0.00000000     -3588.38016      1753.04320      0.00000000     11102
   0.00000000      9852.27750     -4838.63921      0.00000000     02102
   548.924989      0.00000000      0.00000000      69.9419927     10202
  -3147.06674      0.00000000      0.00000000     -405.635472     01202
   0.00000000      596.000802     -256.271401      0.00000000     00302
   0.00000000      884.807848     -53.6260869      0.00000000     20030
   0.00000000     -9090.55674      321.046522      0.00000000     11030
   0.00000000      23946.5592     -291.224500      0.00000000     02030
   44.4692252      0.00000000      0.00000000      416.466051     10130
  -181.672521      0.00000000      0.00000000     -2616.37951     01130
   0.00000000     -234.075024      37.9686583      0.00000000     00230
   95.8724616      0.00000000      0.00000000     -25.9501254     20021
  -943.527226      0.00000000      0.00000000      344.390677     11021
   2300.41063      0.00000000      0.00000000     -1114.19653     02021
   0.00000000      248.635031     -95.0090783      0.00000000     10121
   0.00000000     -1714.10164      633.765426      0.00000000     01121
   418.436307      0.00000000      0.00000000      97.4522638     00221
   0.00000000     -11.7066396      21.6735196      0.00000000     20012
   0.00000000     -296.644440     -39.9794883      0.00000000     11012
   0.00000000      1797.96941     -355.789417      0.00000000     02012
   110.212869      0.00000000      0.00000000      11.7379563     10112
  -871.191740      0.00000000      0.00000000     -93.6227476     01112
   0.00000000      383.711913     -134.314868      0.00000000     00212
   303.420311      0.00000000      0.00000000      40.4379370     20003
  -3332.18608      0.00000000      0.00000000     -448.554760     11003
   9274.50544      0.00000000      0.00000000      1254.73480     02003
   0.00000000      612.140840     -288.163968      0.00000000     10103
   0.00000000     -3404.39583      1614.61449      0.00000000     01103
   571.627545      0.00000000      0.00000000      73.1696063     00203
  -69.9024979      0.00000000      0.00000000      211.414359     10040
   377.207576      0.00000000      0.00000000     -1353.99265     01040
   0.00000000     -1326.59445      522.959805      0.00000000     00140
   0.00000000      97.5231820     -24.2787371      0.00000000     10031
   0.00000000     -178.650167     -29.6497053      0.00000000     01031
  -235.366673      0.00000000      0.00000000     -14.5183361     00131
   128.277549      0.00000000      0.00000000      14.7036925     10022
  -801.953196      0.00000000      0.00000000     -86.3952119     01022
   0.00000000      391.004380     -160.701418      0.00000000     00122
   0.00000000     -25.2932036      44.6579529      0.00000000     10013
   0.00000000     -117.381320     -124.269976      0.00000000     01013
   324.524667      0.00000000      0.00000000      46.3806119     00113
   494.133367      0.00000000      0.00000000      62.3133274     10004
  -2755.30604      0.00000000      0.00000000     -353.968338     01004
   0.00000000      461.625022     -217.996968      0.00000000     00104
   0.00000000     -740.553141      249.540496      0.00000000     00050
  -167.038782      0.00000000      0.00000000     -30.6588185     00041
   0.00000000     -338.074263      157.676442      0.00000000     00032
   149.662363      0.00000000      0.00000000      18.8755827     00023
   0.00000000      80.9034685     -12.2017167      0.00000000     00014
   323.771991      0.00000000      0.00000000      39.2780901     00005
 ------------------------------------------------------------------------------
