   0.00000000      0.00000000      0.00000000     0.110008701E-15 00000
  0.327268724      0.00000000      0.00000000     0.832059002E-01 10000
  -1.98353151      0.00000000      0.00000000     0.433640059E-02 01000
   0.00000000    -0.312257349    -0.633234199      0.00000000     00100
   0.00000000      1.17996670    -0.809603795      0.00000000     00010
  0.598035299      0.00000000      0.00000000     0.166460693     00001
 -0.227763836      0.00000000      0.00000000     0.805063192E-01 20000
   2.24781686      0.00000000      0.00000000    -0.983218079     11000
  -5.55136013      0.00000000      0.00000000      3.43716994     02000
   0.00000000     0.760727783     0.547442707E-01  0.00000000     10100
   0.00000000     -10.3642551      2.28731584      0.00000000     01100
  0.235945777E-01  0.00000000      0.00000000     0.304254247     00200
   0.00000000     0.626423485E-01 -2.05220867      0.00000000     10010
   0.00000000     -4.04528355      10.0249742      0.00000000     01010
  0.745826406E-02  0.00000000      0.00000000     0.478291783     00110
 -0.244793404      0.00000000      0.00000000    -0.191409860     10001
  0.547007354      0.00000000      0.00000000      1.23307167     01001
   0.00000000     -1.82508513     0.823649854      0.00000000     00101
  0.393860776      0.00000000      0.00000000    -0.359487557     00020
   0.00000000    -0.945092295    -0.297025240      0.00000000     00011
 -0.281239172      0.00000000      0.00000000    -0.113487301E-01 00002
  0.220844356E-01  0.00000000      0.00000000    -0.220478769     30000
  0.457858896E-01  0.00000000      0.00000000      4.18793265     21000
  -2.63697861      0.00000000      0.00000000     -26.4021409     12000
   9.54663677      0.00000000      0.00000000      55.6923307     03000
   0.00000000    -0.263645352    -0.696998208      0.00000000     20100
   0.00000000      4.16088829      7.66355309      0.00000000     11100
   0.00000000     -12.1080483     -22.9888687      0.00000000     02100
   2.25824681      0.00000000      0.00000000     0.203140500     10200
  -13.9953108      0.00000000      0.00000000     -1.65422980     01200
   0.00000000      26.1223486     -8.75413896      0.00000000     00300
   0.00000000    -0.383821040     -2.64307480      0.00000000     20010
   0.00000000     -9.37104042      36.1168122      0.00000000     11010
   0.00000000      40.3419539     -107.734923      0.00000000     02010
   2.01563548      0.00000000      0.00000000     0.862598550     10110
  -11.7363164      0.00000000      0.00000000     -1.98071643     01110
   0.00000000      41.9694285     -13.3329470      0.00000000     00210
  0.599541159      0.00000000      0.00000000     0.114290267     20001
  -6.42416008      0.00000000      0.00000000     -1.24777669     11001
   17.4399502      0.00000000      0.00000000      3.71832017     02001
   0.00000000      9.08785465     -4.02124844      0.00000000     10101
   0.00000000     -50.1447312      22.3273592      0.00000000     01101
   6.33050916      0.00000000      0.00000000      1.02049484     00201
   1.22204756      0.00000000      0.00000000    -0.777873158     10020
  -7.41492192      0.00000000      0.00000000      4.62584829     01020
   0.00000000      31.9595742     -17.3155041      0.00000000     00120
   0.00000000    -0.588939341      1.08361269      0.00000000     10011
   0.00000000     -9.67725618     -1.32674982      0.00000000     01011
   5.19003236      0.00000000      0.00000000      1.44942410     00111
   2.10799404      0.00000000      0.00000000     0.254097096     10002
  -12.1625546      0.00000000      0.00000000     -1.43866714     01002
   0.00000000      9.94510102     -4.23446670      0.00000000     00102
   0.00000000      11.7580468      10.3916446      0.00000000     00030
   2.52700073      0.00000000      0.00000000     0.239778094     00021
   0.00000000      2.63763587    -0.778595760      0.00000000     00012
   1.95216719      0.00000000      0.00000000     0.255956661     00003
  0.173450823      0.00000000      0.00000000    -0.760671611     40000
  -4.65416729      0.00000000      0.00000000      18.5989094     31000
   45.4683320      0.00000000      0.00000000     -169.349024     22000
  -193.237244      0.00000000      0.00000000      681.074515     13000
   303.057251      0.00000000      0.00000000     -1020.93693     04000
   0.00000000      9.52148809      2.82782489      0.00000000     30100
   0.00000000     -182.379495     -41.9991342      0.00000000     21100
   0.00000000      1157.05920      203.267139      0.00000000     12100
   0.00000000     -2436.08133     -316.614845      0.00000000     03100
  -3.85169243      0.00000000      0.00000000      4.43968446     20200
   37.5684491      0.00000000      0.00000000     -54.6669400     11200
  -87.4673387      0.00000000      0.00000000      168.561655     02200
   0.00000000     -51.6525883      15.8368878      0.00000000     10300
   0.00000000      211.294599     -61.3764351      0.00000000     01300
  0.822644723E-01  0.00000000      0.00000000    -0.972306724     00400
   0.00000000      17.7559450     -3.62550961      0.00000000     30010
   0.00000000     -346.012146      59.8749633      0.00000000     21010
   0.00000000      2219.37846     -329.851749      0.00000000     12010
   0.00000000     -4672.85629      594.926031      0.00000000     03010
   11.3295035      0.00000000      0.00000000      24.8787019     20110
  -125.891027      0.00000000      0.00000000     -293.979392     11110
   341.282331      0.00000000      0.00000000      865.994297     02110
   0.00000000      149.040135     -59.1302112      0.00000000     10210
   0.00000000     -636.826162      275.299529      0.00000000     01210
 -0.281327191      0.00000000      0.00000000     -4.92166755     00310
 -0.569720885      0.00000000      0.00000000     0.163699152E-01 30001
   6.65567998      0.00000000      0.00000000    -0.405592583     21001
  -20.3181430      0.00000000      0.00000000      2.83725531     12001
   4.92950817      0.00000000      0.00000000     -5.72434541     03001
   0.00000000     -11.3558567      6.70722515      0.00000000     20101
   0.00000000      102.730202     -65.9428647      0.00000000     11101
   0.00000000     -217.522561      158.839095      0.00000000     02101
  -12.5599659      0.00000000      0.00000000     -2.10166641     10201
   55.1388874      0.00000000      0.00000000      10.6524177     01201
   0.00000000     -43.9334885      16.2163925      0.00000000     00301
   10.0405467      0.00000000      0.00000000      14.0573946     20020
  -106.213830      0.00000000      0.00000000     -172.934551     11020
   277.770878      0.00000000      0.00000000      533.255254     02020
   0.00000000      214.626195     -105.026977      0.00000000     10120
   0.00000000     -977.432506      507.713352      0.00000000     01120
   2.00896367      0.00000000      0.00000000     -2.44103230     00220
   0.00000000      15.0203939     -6.32475891      0.00000000     20011
   0.00000000     -139.655551      57.6099901      0.00000000     11011
   0.00000000      313.888370     -126.094246      0.00000000     02011
   32.1586354      0.00000000      0.00000000      6.67677380     10111
  -150.856126      0.00000000      0.00000000     -31.8176831     01111
   0.00000000      9.73575755     -5.95436516      0.00000000     00211
  -3.16552732      0.00000000      0.00000000    -0.517688031     20002
   28.6149932      0.00000000      0.00000000      5.22970026     11002
  -59.7812587      0.00000000      0.00000000     -12.9274528     02002
   0.00000000     -19.7504263      8.66317988      0.00000000     10102
   0.00000000      89.2694480     -40.4093199      0.00000000     01102
  -8.23744133      0.00000000      0.00000000    -0.953969324     00202
   0.00000000      78.0661771      5.43183928      0.00000000     10030
   0.00000000     -181.133908     -87.7220156      0.00000000     01030
   3.84839685      0.00000000      0.00000000     -22.1445622     00130
   19.5655366      0.00000000      0.00000000      4.04108536     10021
  -94.7836708      0.00000000      0.00000000     -18.0090283     01021
   0.00000000      36.2064893     -16.2120871      0.00000000     00121
   0.00000000      29.4208224     -13.5682190      0.00000000     10012
   0.00000000     -135.625455      62.8811605      0.00000000     01012
   3.68586401      0.00000000      0.00000000      1.03111491     00112
  -4.28590570      0.00000000      0.00000000    -0.705425231     10003
   17.8450429      0.00000000      0.00000000      3.51229642     01003
   0.00000000     -11.4499458      4.65953772      0.00000000     00103
  -5.46425189      0.00000000      0.00000000     -5.86748549     00040
   0.00000000      64.0965455     -23.6611242      0.00000000     00031
   4.52465435      0.00000000      0.00000000      1.00690189     00022
   0.00000000      4.37064768     -3.20164735      0.00000000     00013
  -2.80744414      0.00000000      0.00000000    -0.293135136     00004
   5.78703835      0.00000000      0.00000000      24.3138141     50000
  -169.054828      0.00000000      0.00000000     -741.579765     41000
   1979.37236      0.00000000      0.00000000      9035.68523     32000
  -11610.2704      0.00000000      0.00000000     -54984.1538     23000
   34114.8834      0.00000000      0.00000000      167125.879     14000
  -40169.1036      0.00000000      0.00000000     -203010.212     05000
   0.00000000     -102.386593     -20.5267274      0.00000000     40100
   0.00000000      2467.62539      471.658942      0.00000000     31100
   0.00000000     -22282.1902     -4075.51829      0.00000000     22100
   0.00000000      89374.9969      15687.5843      0.00000000     13100
   0.00000000     -134399.602     -22686.1283      0.00000000     04100
  -1.18853677      0.00000000      0.00000000     -107.310837     30200
   36.2963998      0.00000000      0.00000000      1914.54825     21200
  -283.715636      0.00000000      0.00000000     -11393.3146     12200
   656.025698      0.00000000      0.00000000      22614.9332     03200
   0.00000000      213.825270     -23.6488448      0.00000000     20300
   0.00000000     -2367.68928      221.500370      0.00000000     11300
   0.00000000      6737.90064     -559.123034      0.00000000     02300
   24.6649120      0.00000000      0.00000000      36.1742890     10400
  -151.058069      0.00000000      0.00000000     -214.409296     01400
   0.00000000      146.656657     -43.9476925      0.00000000     00500
   0.00000000     -147.041460     -28.9759587      0.00000000     40010
   0.00000000      3545.07787      679.493477      0.00000000     31010
   0.00000000     -32236.4263     -5931.77323      0.00000000     22010
   0.00000000      130950.426      22856.3290      0.00000000     13010
   0.00000000     -200370.376     -32807.0444      0.00000000     04010
  -37.9060814      0.00000000      0.00000000     -331.551850     30110
   605.279429      0.00000000      0.00000000      5990.46775     21110
  -3252.31131      0.00000000      0.00000000     -36106.5533     12110
   5910.00447      0.00000000      0.00000000      72605.9321     03110
   0.00000000      350.622025      111.514449      0.00000000     20210
   0.00000000     -5280.54775     -933.882420      0.00000000     11210
   0.00000000      17817.8824      2030.52993      0.00000000     02210
   57.4768189      0.00000000      0.00000000      179.252645     10310
  -341.996074      0.00000000      0.00000000     -1089.75838     01310
   0.00000000      430.994045     -127.936848      0.00000000     00410
   3.65748174      0.00000000      0.00000000      11.2956623     40001
  -83.7406697      0.00000000      0.00000000     -271.065084     31001
   725.533741      0.00000000      0.00000000      2440.36110     22001
  -2817.91650      0.00000000      0.00000000     -9768.73726     13001
   4136.70214      0.00000000      0.00000000      14670.6536     04001
   0.00000000     -1.23609304     -20.5967487      0.00000000     30101
   0.00000000      90.1928762      332.335535      0.00000000     21101
   0.00000000     -875.361344     -1797.73460      0.00000000     12101
   0.00000000      2297.23478      3260.43391      0.00000000     03101
   44.4864569      0.00000000      0.00000000     -14.9687191     20201
  -483.538998      0.00000000      0.00000000      183.110069     11201
   1350.89698      0.00000000      0.00000000     -554.139824     02201
   0.00000000      308.437756     -109.263968      0.00000000     10301
   0.00000000     -1680.41988      591.129992      0.00000000     01301
   40.0969986      0.00000000      0.00000000      12.3706983     00401
  -2.62064929      0.00000000      0.00000000     -250.201719     30020
   96.1551110      0.00000000      0.00000000      4599.41837     21020
  -864.972981      0.00000000      0.00000000     -28214.4088     12020
   2277.27525      0.00000000      0.00000000      57734.1318     03020
   0.00000000      1247.71635     -256.439384      0.00000000     20120
   0.00000000     -13966.6493      2500.90412      0.00000000     11120
   0.00000000      39293.9564     -5952.72032      0.00000000     02120
   111.835541      0.00000000      0.00000000      436.231438     10220
  -691.564020      0.00000000      0.00000000     -2658.83785     01220
   0.00000000      1335.80543     -431.278545      0.00000000     00320
   0.00000000     -17.1355580     -9.52241062      0.00000000     30011
   0.00000000      186.613290      225.725989      0.00000000     21011
   0.00000000     -576.357884     -1596.98757      0.00000000     12011
   0.00000000      392.362402      3534.77136      0.00000000     03011
  -23.3694186      0.00000000      0.00000000     -62.6982583     20111
   122.518756      0.00000000      0.00000000      723.461954     11111
  -62.5836767      0.00000000      0.00000000     -2100.48437     02111
   0.00000000     -138.808001      89.8004071      0.00000000     10211
   0.00000000      196.586530     -302.558588      0.00000000     01211
   65.7836853      0.00000000      0.00000000      30.8544706     00311
   7.30570670      0.00000000      0.00000000      2.98212256     30002
  -113.114424      0.00000000      0.00000000     -51.4145774     21002
   590.845375      0.00000000      0.00000000      297.006340     12002
  -1044.95709      0.00000000      0.00000000     -574.560644     03002
   0.00000000      71.0985262     -33.9022953      0.00000000     20102
   0.00000000     -767.704686      370.017913      0.00000000     11102
   0.00000000      2101.03110     -1020.44858      0.00000000     02102
   109.652897      0.00000000      0.00000000      14.5485622     10202
  -627.073302      0.00000000      0.00000000     -84.3659516     01202
   0.00000000      229.744164     -90.9906432      0.00000000     00302
   0.00000000      816.141045      16.9575381      0.00000000     20030
   0.00000000     -8380.06528     -422.953363      0.00000000     11030
   0.00000000      22079.5491      1701.58352      0.00000000     02030
   35.2973762      0.00000000      0.00000000      414.208745     10130
  -153.349478      0.00000000      0.00000000     -2606.23562     01130
   0.00000000     -215.834902      21.4458894      0.00000000     00230
   45.1776868      0.00000000      0.00000000     -20.6412997     20021
  -413.383137      0.00000000      0.00000000      269.589775     11021
   911.287135      0.00000000      0.00000000     -861.701852     02021
   0.00000000      141.541391     -42.5267615      0.00000000     10121
   0.00000000     -938.190560      274.222428      0.00000000     01121
   185.869462      0.00000000      0.00000000      56.2516751     00221
   0.00000000     0.936774193      1.51867369      0.00000000     20012
   0.00000000     -143.364287      39.9496493      0.00000000     11012
   0.00000000      679.766943     -234.547706      0.00000000     02012
   2.75102517      0.00000000      0.00000000     -2.19908805     10112
  -85.8668027      0.00000000      0.00000000      5.62026887     01112
   0.00000000      143.969596     -46.3809122      0.00000000     00212
   23.5729474      0.00000000      0.00000000      3.55210471     20003
  -259.505323      0.00000000      0.00000000     -39.5706884     11003
   725.925175      0.00000000      0.00000000      111.199410     02003
   0.00000000      107.083508     -47.3851941      0.00000000     10103
   0.00000000     -599.923745      268.090870      0.00000000     01103
   99.6518239      0.00000000      0.00000000      13.8328795     00203
  -48.9207968      0.00000000      0.00000000      214.126877     10040
   258.211853      0.00000000      0.00000000     -1369.68235     01040
   0.00000000     -1251.91638      462.127831      0.00000000     00140
   0.00000000      108.793552     -30.5610075      0.00000000     10031
   0.00000000     -332.742591      55.5371075      0.00000000     01031
  -127.667804      0.00000000      0.00000000     -6.67643830     00131
   27.4880396      0.00000000      0.00000000      3.39699005     10022
  -158.788201      0.00000000      0.00000000     -16.2372700     01022
   0.00000000      163.737246     -62.3591658      0.00000000     00122
   0.00000000     -16.8215782      11.4056331      0.00000000     10013
   0.00000000      34.8029340     -38.5754911      0.00000000     01013
   55.8496434      0.00000000      0.00000000      8.82372261     00113
   35.5987701      0.00000000      0.00000000      4.86036554     10004
  -200.886504      0.00000000      0.00000000     -28.0083480     01004
   0.00000000      70.5120626     -31.4882730      0.00000000     00104
   0.00000000     -698.458015      210.109305      0.00000000     00050
  -93.9865197      0.00000000      0.00000000     -19.3938215     00041
   0.00000000     -146.622572      62.7816574      0.00000000     00032
   23.3430687      0.00000000      0.00000000      3.34124765     00023
   0.00000000      11.1156031     -1.95410755      0.00000000     00014
   21.3207995      0.00000000      0.00000000      2.80487013     00005
 ------------------------------------------------------------------------------
