        128
  840584028
-1450294911
  450586798
 1525226037
  931611748
  131765576
 -209861306
 2011513433
  977474014
 1918003408
 -413550027
-1757223337
  421673880
 -864705988
 2072783553
  974707213
-1628468010
 -681656768
-1372719020
-1790056481
 -624329597
 1989414909
 1357288831
-1226307497
 -458738145
  -37482899
 1175200063
  345341714
 1328371237
  911613292
-1790971539
-1941871716
-1489089644
-2055469717
   47416408
-1082426161
  324095033
 1013570007
-1890860063
  -97751304
 -284501040
  841073392
 -257313352
 -365446215
-1810750899
 2039363913
-1257297622
  334678571
  317406529
 1862052517
 1417634557
  247527702
-1555853285
  158427980
-1786849893
  531499882
-1377336486
 1922795711
-1551591591
 1794562407
 -496200891
 -277419581
 1052642296
-1004586350
  631306456
 1592948983
-1916690215
  289914313
-1433831905
 -228212280
 1761879200
-2118590736
 -896619723
  605594017
 -307930852
 -415202127
 1015207889
 -409953909
 -597902092
 -553679427
-1233657588
 -256553105
 1658555658
   77447488
-1864027768
-1149921549
 1619022875
 -949633181
 -187949508
-1238799000
-1360199920
   53296143
-1272357517
-1373386885
 2054674493
-1007349654
-1160100069
  828871592
 1560875020
  337669166
 1155402269
 -141669479
-1284382852
  425752618
-1515008685
-1029151899
-1387255274
  578685117
 1531718412
-1278668866
  433782438
 1484670497
  773103368
  208647680
 1015968849
 1055582537
-2023042073
 1644545479
 -457173359
-1236111394
 1822579093
 1849636337
-1575639354
-1314440249
 -966777851
  187916602
 -826778894
 1191655673
 -476961865
 1732771419
-1455982849
  -17647496
-2061953810
 1215260504
 1828819461
 -402366642
-1349303081
 1877505310
 -333429011
-1021857227
-1212296465
-2083398200
-1296012402
-1933654065
-1307948318
 1871229763
 1099969555
-1885847008
 -273341217
 1738495978
-1029744379
 -345188221
 1123927436
-2128865940
  -91283168
 1473921673
 1711809971
 -452929151
-1722461846
  900830388
  810636362
-1172534124
 2043042496
 1918497254
 1255235202
-1352560664
  255602036
-1746119037
  556116484
  767369257
   31909330
  178714724
  137162957
 -515741853
  696571681
 -951329602
  150140375
  289824963
 -241173839
 1917017342
  793109546
 1487998353
  699377384
 -283893908
  -52506984
  609695935
-1413906788
 1193288129
  842917703
  601666316
 -518908325
   93653862
-1989102635
-1666645603
-1458068782
 -399241139
-1663412070
 -311564706
  564242871
-1488194169
 1834251931
  754316600
-1863672039
 1712334862
 1771219370
-1845020327
-2113412234
 1946447738
 1408690520
  123555364
  333858075
-1725926067
 1320252521
  181767749
 1995935656
 1738126609
  791241466
 -496765408
-1927498648
  436612334
  835740100
   11525524
 -784191894
-1781700955
 1076881762
 -822809249
 1714473878
  451310552
-1707582355
 -265796250
   20746000
 1797573528
 1462310772
-1229534464
 -861092764
  961035229
-1886963019
 1087620847
  739440940
 1133584596
 1541334383
 1453871538
 -455483001
 1211728986
  269470761
 1140442921
 1536062781
-1610048064
  877333971
  452800203
 1278471711
  944694504
  437883672
  767640464
  770434515
  727466733
  -10670325
  688965300
  -72456894
 1717067262
 1728041319
  399866373
 1212171632
  -31286965
-1080192354
 2011154005
-1069704265
 1053134514
 -703394549
  730010074
  129878787
 2065459448
 -636705765
  503850493
 2112021759
 -504013501
  -16004785
-1882132925
 2059317747
 2123505464
 -120239051
 1256812150
 -637348098
 1275460982
-1595868985
 1493268977
-1361858415
   76146963
-1025157381
 -852096050
 -607462389
  822771941
-1308425320
  599272492
-1087516457
  855455213
-1596216640
-1919173755
-1730962657
 1536903507
 1454919932
 -577247533
 -341867588
 1815458237
-1616842177
  970696301
 1415189842
 1430513924
 -181921166
 -687192243
  -73704557
 1220959265
 -711040540
  701350893
-1657899576
   90791809
 1028027809
 2126176449
   -9730468
-1156199525
  924802104
 1491941844
-1158847982
 1357852670
 1434801511
 1964071106
 1327000925
  570819832
 -954687924
  281522147
 1632247544
 -406788190
 -166134726
 1479524479
 -412928595
 1902346654
 1998966325
  903791380
  209520315
    1401335
 1588243745
-1003052046
 -745580464
-1516829773
 -571411022
-1198699569
  296623191
 -657847807
 -669309378
  779332544
-1511992969
-1276065819
 -828434585
 1307821524
  249345969
-1810963317
 1217956028
 1151647874
 1170052369
-1016408654
  505412004
-1912369128
  486904679
 1602359822
  279725587
  297359060
 1254397285
 -829313615
 -831198317
  -74552897
-1223997091
 1168891984
  939944066
  412967661
-1341903291
-2094714253
-2056343862
 -673404458
 -439432857
-1625232688
  265014065
 1534295757
 1175140097
 1385215323
  506654576
-1530449045
 1130102794
 2143858605
 1518527254
  563414538
 -587242234
  407437296
-1917689059
-1626662084
 -639885797
-1412056678
 -238368771
 -784875672
   92443919
  283095478
 -930081809
 -388513650
 -245473772
 1545617444
 1143866909
  219178993
 1760072580
-1615495421
 -313090079
  236702201
-1315136078
 1877032098
   58020041
-1999299498
-1280015496
 -424920442
   64701923
-1096577436
-1167113812
 1855178541
 -402969487
 -664832808
-1612280962
  847097112
-1393297744
 1158990484
 -117908937
  582645332
 -319907452
-1928920061
 -482916845
 -979641671
-2145859126
 1500823634
 1508987186
 -400983672
  -27681674
 -889078084
-2073790327
 -689277296
 -762827677
 -148911840
-1070650891
 2060057135
 1740052545
 1266159669
 -111568111
 -251997162
 -633695380
-1447675304
 2064719950
  511801090
 -627049417
-2088159682
-1764565946
-1892297078
 2077982751
  356911791
-1103838555
  233278468
 1709660367
 -630928315
 2066996130
  231758031
  111035221
-1093964813
 -613575899
 -593886737
-2058523965
 1665955548
  -64419814
 2037070486
-2000185125
-1972109060
-1248894397
  725799925
-1697776087
  781216749
 1243208800
 2001020203
 -619811484
 1446112351
 -385273465
  558189381
 1983370648
 -653422215
  131171442
-1785391536
  379315445
 1872716105
  169191279
  397683838
 1278429049
-1499275510
 1820467656
 -889514576
 -125324935
  -64898305
  913851545
-1914575567
 1272579815
-1733325804
  600488276
 2024084977
-1142042507
 -111588758
 -615390655
 1045783075
 1223893732
-1209003171
 1089431857
-1965907498
 -745103406
 -749267568
 -560236675
  969532554
-1990187724
-1862294940
 -429249132
-1377359852
 -521968025
  -40843918
  567912229
  390579727
 -274066038
  697452618
  352830235
-1665406283
  582620554
-1546362444
 -250671377
 1695993139
  542938602
 1978938936
 -222103413
   57339829
-1551534788
 -159631603
 1585701803
  653487751
-1421301880
-1544321413
  106760198
  658622006
 1342460161
   98819031
 1538802888
-1547048612
-1116084588
  457719363
-1927133762
-1410193836
 1963800084
 -526005841
  228975059
-1490744911
 1206085284
 -395140166
 -247943390
 -582057162
  960404730
  -75415569
 1508328118
 -806933394
  175533927
-2031581254
-1443456761
-2003613250
 -403770202
-2038922138
 -863106413
 1598203935
-1805845726
 -639496427
-1630508681
-1796419608
 -749619006
 1907403226
  766428187
 1817317876
-2098666724
-2135957598
  703250130
  314210482
 1874669963
 -724528620
 -748366982
-2087498003
-1479943115
  911313438
  813091011
  309933455
 1482702259
  628482367
  110151775
 -582220769
-2076941175
 -612541240
 -366243307
  869044797
 1551952596
 1529520602
 1339434900
 2051457046
 -581553154
 1604252727
-1683720880
 -460058570
  971328259
 1287720740
 1179176469
-1304131964
  567356203
-2071117631
-1556268571
 -781231355
-1996794476
  700126018
  568948768
 1838465081
 -108207872
  905374502
 2116911173
-1463295405
