        130
-1922907347
-1207111890
 -678366947
  641230092
 1367531200
 1991329502
-2145056471
 -880106288
 1232896295
-1133473539
  929124155
 1884789853
  212810234
 -670644403
 -815393530
  696451932
 -746550228
   28174345
  812832403
-1772536691
-2040561783
 -352645556
-1803678951
  285125971
   95077582
-1062983872
-1331462932
 1091197709
-1853147213
-2000623788
-1928655065
 -261531202
 2087186430
 1256085890
-1541322112
-1064862987
  650144383
 -975583588
 1417024541
 -437047527
  832196579
-1489492461
 2123432289
 1045707776
 1906353272
-1358942924
 -751734952
 -613466844
 -307759528
-1478295283
  527866972
-1203833317
-1488453224
 -609794138
-1494612320
-1752810030
 1252269946
-1714988132
 1995852321
 -497265678
  971094884
-1431303895
 1579245529
 -681441052
  965525542
 1013270367
 2102589152
 1232495278
  197488468
-1051961174
 -212966824
-1912980208
-1358345692
-1437155129
-1330876687
-1910641293
 1942789672
-1206446737
 -384575994
-1160272284
-1356806987
-1791286889
 1407106951
-1785216939
  -23259870
 2122620156
-1776257154
-1581351311
 -824043948
 1808469677
  917119743
    -265904
-1951102437
 -350062150
-1166186822
-1230189359
 -533266367
  484336482
 -880526380
  563111145
-2071338615
 1107909361
-1500154417
 1424469636
  724004044
 1989397056
  832452977
-1250702181
  710226262
  677547752
 -629396987
 1532541197
  311675654
 1556903098
 1243627948
-1473412278
 1830724796
 1398354776
 -756668531
 -997525786
  865942800
 -512486346
-1713579390
 -627661621
 2011347461
 -352523087
 1038578044
 2130103122
  113002350
  511743906
 -344168560
-1322923979
  400440222
 -645524709
 -921694117
  138405846
-2100033379
  886688023
-1011930219
  303211835
-1432225959
 1288554224
  251397789
  247527050
 -708332794
  959833112
 -765840818
 1108759975
 -968328947
 -175033412
 1683023835
  815938293
-1569387858
 -868905975
 1544660126
  931996099
 1530730409
-1813658183
 1982384700
   74695015
 1601516865
-1133576314
-1213040133
  -21557759
-1540233273
 -184642939
 -739826399
 1023410374
 1054070323
 -328625423
  927080050
  755262227
  730304643
-1325566060
 1743094740
 -866766029
  249903685
-1626316344
-1494902978
 2066655418
  105375386
-2101821864
-1910329178
 1151062488
-1548242998
 -148798208
 1104142391
  254208649
 2145474023
 1380312007
 1942997266
-1348928294
 -819309117
 -654419737
 1657973733
 -878507054
 1870227890
  446249966
  994655554
-1724545362
  576104090
 1225930075
  191037100
 1837947267
-1772529670
 -693776059
-1407452871
  594863325
-1928887761
-2136748921
-1496545370
 2124925158
 -588588212
-1923952702
 -826146676
 1863035840
 1380993942
 1896918109
-1298611433
 1846790281
 1231031648
  126556368
-1338869622
 1581543693
 1397183916
 1022395550
  300073589
 -703584178
  363650789
 -518702881
-1261902940
-1784676724
   11998400
 -297714367
 1299425901
 -450251162
-1444707752
-2120895878
-1258299073
 1958888097
-1882264211
  532243551
-1110728101
  796836981
 1727580508
-1397273127
 1390958564
 -489223074
  854131770
-2124397147
 -172508738
-1312085791
 -107423650
-1406386227
-1910561817
 2091197375
 -539866551
 -710445838
 -834026798
  155441795
 -181328282
 1738669207
 -243881998
 -283620166
 1603527237
 -734896002
  686336010
  343519562
-1826186712
 -972206089
  466153829
  592965239
 1954887628
-1943992113
 -358115307
 1093118428
 -529801878
 -857018222
 1220306955
 1392054183
 1037653411
-1657981699
 1758803783
 1463693702
 -936080811
  248749028
  988932280
 1902479826
 1539067044
 1758000169
 -405893830
  138723457
-1912070063
-1733913066
 1531806419
 -900362319
 1138134076
 -387630784
-2113034311
 1936175239
 -126437946
  803044896
 -937870720
 1753400185
  493583931
   27632828
 -433729817
-1155610144
 -101541765
 1557808223
 -677609801
-1060852269
-1641002693
  476473855
-1638671986
-1396465559
-2029634911
 1566761164
 1906670377
 1160281453
-1309234026
 1259479664
  920368938
-1559546442
-1286381649
 -701931559
   86001176
 -438337843
-1403257994
 -654051984
 1435976802
 1830041672
 1458561159
 -146818969
 -788536981
  172688633
 2058977195
 -586990900
 1047189996
-1059866066
-1307590167
-1799238249
-2053030272
 1815058751
-2134938383
   95551217
  921421429
-1640542848
 2110456800
  885338801
  906574785
-1567005940
  496904561
  307710414
 -301832530
-1559701377
  238146900
 -130249848
  828778300
 2121410681
 1806656207
-1483724627
 1099432954
-1182083730
 1458100939
-1919850866
-2072204778
-2079795878
-1268531339
-1652644668
 1193772421
-1859676617
 -228472698
 2118356489
 -361623824
 -987248887
  825623445
  735317423
-1497678855
  288778972
 1696803522
  499072190
  666519120
 1707303596
 1713516480
 -334353836
-1493286161
 -100944549
  -86091961
 -524167421
 1094240675
 1430626776
  724392907
 -189019896
 -689892043
  444119884
 1154509986
 1352939310
 -125220494
 1286032127
-1415150514
-2032549847
 -853821132
-1088453054
 -658364492
-1389310280
-1068166211
 1166152516
  537391140
 -998191516
 -937747635
 1434879944
 1954148718
 1357590163
  782451511
 1958547688
 -438178592
 2039420886
-1717387288
  600980017
-1349685214
  356091152
 1068289687
 1488114578
  321317562
-1628673568
  150683941
 -434831661
 -589560074
-1073620314
-1939091264
 -722092539
 1920074060
-1685048124
 -907835424
-1921224901
   27640519
-1748032054
 -515265234
-1433431014
 1604147824
-1590222036
   15865166
   82741834
-1897875091
-1811849312
  398994345
 -881815859
 1379607701
-1935986091
 1371850004
 -867425451
  396792568
  190022274
-1234546360
-1077622039
 -964894191
-1299740307
-1563403899
  548847096
  423290052
 1281315340
 -320607029
 1031222862
 1772450719
  471552961
 1421069424
-2117522365
 -667265631
 -479336643
 1101164965
 -914119951
 -160123069
  214184693
  577926074
-1492432036
-1388208397
 -681970618
 1107452847
 -915301471
 1502143480
  956115572
  596221933
-1586626895
  109646006
  604269823
-1389269017
  371062881
   31203893
 -225238244
-1444212304
 -297062745
 -499767708
-1449837629
-2109847886
  711654522
 -749146271
 -931774260
 1162778910
  547403720
  344481979
   86120194
 -990147230
 1530655210
 1200712043
-1319650645
-1442817666
  319271212
-1303111552
 1973230405
 1493085057
-1815027873
-1080235091
  -87914077
 -708939818
-2107495222
-1689340038
 -450915441
-1813069668
 1690425787
 -479991454
-1764687042
-1873963729
 1535925712
-1061484037
-1132791460
-1477811214
 1052162254
 1102990583
 -768472349
 1838608828
-1264647166
 1831287529
 -112302775
-1235245493
 1657553046
-1855857426
  797310688
-1844663057
-1262266555
 1258212005
  -66071538
-1333576139
 1150902500
 -911498569
-1814583706
-1083583866
 1277409518
  422754718
-2000469528
 1743680526
 -118227207
  715394727
 -388718891
 1675389763
-1337418693
 1466291479
 -285132130
-1662553307
 1492163235
 -446108723
-1754248756
-1941769714
 1538991563
  832037315
  579235407
  210572939
  387253588
  606512009
  883900544
 -815898906
  442650186
  874209751
 1605559324
  -10732913
 1033643222
 -257571857
 1283746026
 1610037851
-1864646948
 2009613866
 -564147836
-1819326749
-1593143384
 1670420955
 -751757470
 1296559069
-1152061488
-1852227308
 -812170642
 1800341598
 1808123366
-1269467885
-1685066954
   76643428
  223985518
-1970694025
 -379902503
-2097706527
-1964939479
  440045375
-2054006585
-1964213317
  -76616293
 -969274474
 2028619790
 1455168825
-1741639118
  885691873
  550972941
-1887759746
 -267316538
  372381958
  350547310
-1765227951
-1756379812
-1590878402
 1486230111
 -238627726
-1709136995
 2024389546
 1348937758
 -838866362
-1687568917
