        596
 1333933469
  951735278
 1790261407
   33509527
-1497705207
-1139466568
  616416410
 -635166822
 1886762188
 1845355504
-1348334834
 1520972252
 1431202009
 1270616675
-2060278025
-2103322570
  -47563830
  508391776
-1658716288
-1962808227
-1723130079
 1372655036
 -344948302
 -527808858
  944772337
 1705289786
  793028778
-1970882795
 -383854565
 1217640970
  362240468
 1283445900
  -50445238
  770219342
  -10762340
  903796719
  624596370
-1087889358
 1263367031
  228488217
 1755092993
-1585108183
 -660566764
 -711608515
 1567416481
 1892436514
  996694224
-1012509018
-1610987847
-1687276146
-1220403746
 1234127997
-1680105164
  246537128
  273206399
 -971785015
 -593945685
-1843365968
 2034670298
-1562059997
 -454318365
  809135526
 1701776691
 1417098723
  835326239
 1262644104
  529086140
 -514641879
-2125578354
 -623801294
-1490436508
 1224342010
 1188748861
-1546737217
-1589968264
 2107263942
 -721787966
  -69805594
-1997546478
  576826002
 1553663939
 1370383223
  495374307
 1790238325
-1288972333
 1913266317
 1627409743
  748279885
-1929467155
  754851570
 1043964988
-1006848545
 1231120730
 1398512449
  476593340
 1572523834
 -188265044
-1739802606
 1956726202
-1209994960
   89609101
 1802229871
 1168109605
 -835155669
 2133202815
  463353303
 -746008926
 -357244687
 2109593318
 1853040326
-1589790864
-2078543517
 1076643517
 -746692697
 1299884511
 1325395556
  345684756
 -753528062
 -690730775
 1254557499
 -570037399
  262512962
  225597946
  397959036
-1601289793
-1686362518
-1664787101
 1563894709
 1127385815
  638653111
-1734632197
 1240182812
 1316118669
  909445510
 1115134254
 -852024481
  648080533
 -669779111
 1719962137
 -319360847
 1091618255
 -863144052
 2107545682
-1245137161
-1627444033
 1961902091
 -844682877
 1107758580
-1904479914
  -44572450
  -69294091
  771300087
 -325366396
 -463707731
-1930574799
-1013976014
 -296071973
  528170707
 1889862900
 1303059109
 1008997288
 1805727276
 1588612459
 -753191229
 -388366950
  414117651
 1462305124
 1515295285
-1397981785
 1329916337
-1182876081
 1006264352
 1677782443
 1687713481
 -336265154
  488370105
 -128888494
 2011483641
-1669679603
 -131430527
 1457204492
 1336418402
  339448137
  -73954498
 -599434994
  658868989
 -370033816
 1812348264
-1453038953
-1803470731
  143640882
-1368256915
 1568283179
 1980080254
 -387412730
 -775351413
-1880591381
 1446123666
-1241182210
 1832344006
-1789253891
  653222400
-2091753946
-1525473305
  611182471
  407786428
 1222487980
 -111207336
-1719825084
   43274471
 1835959087
-1939401417
 -137748823
  828992507
 -286988799
 1593008732
 1051179501
 2087642944
 1828179284
-1465480269
-1712585683
 -946714652
 -447834823
 2000253883
 -981299907
 1276522803
  753466126
 1597832351
 1208913062
 -599592501
 -623197616
-1094762698
   84195891
-1616759549
  804647792
 2083154291
 -730608130
 -645671882
 1266106495
-1724133689
-1559743179
 1155637297
-1244072235
 1711807031
 1819047666
 2044149370
  922676680
  555661902
 -871556179
-1179742902
 1379775188
-1653709944
  496636036
  -91791477
  486113213
 1102135405
  950246069
 -228082806
-1706368538
-1003298594
 -648430076
-1496673399
-1988236509
-1747288949
  324820618
 1698843160
 1035515207
  174327068
-1020760197
 -557151176
  378287146
 1328808220
  622733253
  440158884
  221203354
 1711492436
 -978563226
-1199955529
 -839430840
   62835607
 -764223865
  406727800
-1474459368
 1926810209
 -124721942
-2079521960
 -752807984
 1980315991
 -331090485
 -242363619
-1655548061
 1084646708
 -276423788
  286413102
-1782432251
  551453638
-1231659060
 1349847274
 2030039708
-1760260111
-1228790424
 2139593149
 -213254251
-1065425292
  663437613
 1408457083
 -933605973
  503376368
 -921541291
  -24028012
 -309988682
 1541389417
-1351404026
 1013312828
 1084204199
 1747691323
 2074136644
 1408135897
 -648900493
 -582739927
  559224124
 -428985201
   91055198
-1781943311
-1812346252
   30522387
 1858799867
-2000171672
 2002327343
-1511943828
-1776909881
  472772343
  926089072
-2052690344
 -584804660
 1868971084
 -838539804
 -179322937
  205022442
 -514257685
 1788595104
-1631683291
  613292367
 -396363206
-1718797468
  245446709
-1772612625
 -447007099
 1790411034
-2045270248
   84938131
   31977637
 1654724244
 1754050753
 -732433301
 1518034199
-1172144058
  189132777
 1599565359
  412150825
 1533720921
 -344838203
  612194728
 1903969669
 1506106374
-1822108104
-1268169289
-1201434631
 1179376148
-1460322164
  801032938
 1437517684
 1803245566
-2019796530
 1731779713
 1079920387
 -438060946
 -895994056
-1235039291
 2087880705
-1470028701
 -626804563
 1531566382
 -895071094
 2026690326
-1226602311
  694439382
-1824585739
 -239071479
 1052319459
 1366841190
 -553450678
-1994412867
  505105797
  229339178
-1019531686
  726937423
 1363085382
    9638432
 1146927785
 2050670180
 -157984925
  224256137
-1775022735
 1439724086
 1109994426
-2008522870
  809926371
 -522313940
 1249927586
 1352702711
-1607168990
 -118784846
 1325821644
-1832016170
 -387246472
  828683845
-1205862828
-1419385603
-1835168094
 1069195321
 -668731296
  404186357
 1414987003
 -167243829
 1241731081
 1331651383
 -444276012
-1586686711
-1540386803
  912943276
-1274737708
  168453052
 -455464836
 1159918558
-1593704810
 1541139019
  -75531170
  693492032
 -231347289
 -487570885
  357241899
 -588844396
 -834365178
-1906197000
 1140747758
 -459130254
  805911130
  992172370
-1648275962
-1350602227
-2061704725
 -865297287
 1941446208
  857962806
-1718204096
  -54141014
 -354271613
 -199174203
 -807857061
 -226978928
-1167385359
 1820404745
 1299177435
-1951691045
 1940689943
-1084839272
-1813131601
  510187561
-1122853291
 1702782030
  245382152
 -862742952
 1666140390
-2099083091
 1156440077
-1037780716
 1277375598
-1565065035
 -664292665
  659445750
 1357261046
 -578836686
 -461046839
 1341403326
 1702730252
  936831773
 1891303057
  886863289
-1646327462
 1714351690
-1946684837
  808558565
 -939072674
  462237445
-1566360064
-1069105155
  933409258
 -854831449
 -278666247
 -240353171
 -453791753
 1693308488
 1018691905
 1362561327
  573280199
 1741109729
 -136935871
-1721111742
 -515678515
-1568431576
 -334058083
-1448898127
-1381348728
  236751264
-1438018053
-1787113825
-1261761947
  590450835
-1840769868
 -109016252
  533910201
  845968317
 1768118168
-1954861342
 1980336659
 -469234023
-1296854079
 1497477889
-1191727160
 1443850708
-2109815883
 1606496726
 -288412437
 -362302310
 2147133537
  692088499
  351853303
 1900291913
  562476257
 1678150370
  225135582
 -514492732
-1440736807
 1917969943
-1868621464
 1652527187
 1254360219
-1986777308
-1792765768
 1778192183
-1532197966
-1628885188
 -195999670
 1291827073
-1524538449
 1466778603
 1777017470
-1576191792
 1020556875
-1294825114
-1117761238
-1646929242
  116845024
 1752943618
 1250612545
   45198932
  903714116
  878351895
 1571673488
  633652476
-1182455382
 1999553649
 -933946056
 2096274382
 -914694441
   35654257
  936268825
-1911882590
 1296744067
 -533822647
-1632760694
-1874480956
 -765497460
 -316315161
-2027096026
 1566409261
 1812502733
  673614278
-1550345683
-2013696139
 1290711605
  905756445
-1838041545
-2003118364
 1057217580
  998647357
 1035536083
-1692757667
 1452103047
 1275056669
 1895372714
   73217180
 1832687124
-1455372329
 1226953703
 -311687171
  -78804834
  316729873
-1191596511
 2013388760
 -902369089
  131688655
 1579915032
-2086018984
 1479015118
 2054847248
-1490441417
 2007157389
  531058435
 2029365054
 1401553223
 -590299439
-1784838818
