   0.00000000      0.00000000      0.00000000     0.137677874E-15 00000
  0.395001757      0.00000000      0.00000000     0.103040523     10000
  -2.41945088      0.00000000      0.00000000    -0.122504077     01000
   0.00000000     -1.08954464    -0.375562202      0.00000000     00100
   0.00000000     0.867401519    -0.618824372      0.00000000     00010
  0.638072227      0.00000000      0.00000000     0.200912160     00001
 -0.307467179      0.00000000      0.00000000     0.420086097E-01 20000
   3.04943180      0.00000000      0.00000000    -0.549722491     11000
  -7.49808801      0.00000000      0.00000000      2.20858161     02000
   0.00000000      1.02984901    -0.193046776E-02  0.00000000     10100
   0.00000000     -10.9913768      2.07248456      0.00000000     01100
  0.284778195E-01  0.00000000      0.00000000     0.305684233     00200
   0.00000000     -2.25269049     -1.35987689      0.00000000     10010
   0.00000000      6.74513736      6.91782052      0.00000000     01010
  0.533961293E-02  0.00000000      0.00000000     0.439432810     00110
 -0.400966734      0.00000000      0.00000000    -0.252748898     10001
   1.28268007      0.00000000      0.00000000      1.58640666     01001
   0.00000000     -1.79496290     0.780722558      0.00000000     00101
  0.474914925      0.00000000      0.00000000    -0.365136399     00020
   0.00000000     -1.74682606    -0.204190794      0.00000000     00011
 -0.418978175      0.00000000      0.00000000    -0.339640454E-01 00002
  0.168683120      0.00000000      0.00000000    -0.176539472     30000
  -2.30641870      0.00000000      0.00000000      3.51531731     21000
   9.96023633      0.00000000      0.00000000     -23.0499816     12000
  -12.9555382      0.00000000      0.00000000      50.2994011     03000
   0.00000000     0.539226653     -1.08373269      0.00000000     20100
   0.00000000     -5.67022379      12.5055032      0.00000000     11100
   0.00000000      17.1632077     -37.6519436      0.00000000     02100
   4.27151207      0.00000000      0.00000000     0.634857088     10200
  -26.5429786      0.00000000      0.00000000     -4.33007656     01200
   0.00000000      28.6190414     -8.95380170      0.00000000     00300
   0.00000000     -2.59270966     -1.69814867      0.00000000     20010
   0.00000000      17.4309929      24.7044557      0.00000000     11010
   0.00000000     -34.2105502     -76.4101639      0.00000000     02010
   3.01036516      0.00000000      0.00000000      1.19376214     10110
  -17.8128827      0.00000000      0.00000000     -3.97866188     01110
   0.00000000      40.2423199     -11.7527707      0.00000000     00210
   1.60256158      0.00000000      0.00000000     0.317649321     20001
  -17.9893029      0.00000000      0.00000000     -3.56711659     11001
   51.1000844      0.00000000      0.00000000      10.3847629     02001
   0.00000000      14.4194981     -5.90092755      0.00000000     10101
   0.00000000     -82.4775122      33.9252227      0.00000000     01101
   10.7372152      0.00000000      0.00000000      2.04493018     00201
   1.49365668      0.00000000      0.00000000    -0.770869220     10020
  -9.31534501      0.00000000      0.00000000      4.42397041     01020
   0.00000000      20.2573142     -12.5563264      0.00000000     00120
   0.00000000      1.73133859     0.531891321      0.00000000     10011
   0.00000000     -24.3717778      2.00475203      0.00000000     01011
   7.19952736      0.00000000      0.00000000      2.11434361     00111
   4.12839838      0.00000000      0.00000000     0.672493683     10002
  -24.0641325      0.00000000      0.00000000     -3.92080523     01002
   0.00000000      15.7717171     -6.22931069      0.00000000     00102
   0.00000000      25.0874938      6.46492077      0.00000000     00030
   2.74163917      0.00000000      0.00000000     0.299977777     00021
   0.00000000      4.13916614     -1.17054562      0.00000000     00012
   3.24455276      0.00000000      0.00000000     0.539192475     00003
 -0.570360940E-01  0.00000000      0.00000000    -0.795474716     40000
 -0.238999199      0.00000000      0.00000000      19.4456244     31000
   15.1002301      0.00000000      0.00000000     -177.329329     22000
  -106.765120      0.00000000      0.00000000      715.251860     13000
   222.458485      0.00000000      0.00000000     -1076.53827     04000
   0.00000000      12.8196057      2.38626495      0.00000000     30100
   0.00000000     -246.790337     -33.4884613      0.00000000     21100
   0.00000000      1576.44063      147.376249      0.00000000     12100
   0.00000000     -3344.98761     -192.918824      0.00000000     03100
  -9.16820881      0.00000000      0.00000000      3.05587170     20200
   93.4812558      0.00000000      0.00000000     -39.8067562     11200
  -231.431545      0.00000000      0.00000000      129.150968     02200
   0.00000000     -65.6542437      19.5112970      0.00000000     10300
   0.00000000      294.562006     -86.1524144      0.00000000     01300
  0.210911029      0.00000000      0.00000000    -0.945935122     00400
   0.00000000      23.1114540     -5.62632641      0.00000000     30010
   0.00000000     -453.293131      97.3025796      0.00000000     21010
   0.00000000      2927.72505     -561.376781      0.00000000     12010
   0.00000000     -6219.36328      1070.95399      0.00000000     03010
   21.2531864      0.00000000      0.00000000      26.3138084     20110
  -233.591297      0.00000000      0.00000000     -311.495108     11110
   625.926268      0.00000000      0.00000000      918.258642     02110
   0.00000000      162.765414     -61.0016087      0.00000000     10210
   0.00000000     -671.083301      276.175121      0.00000000     01210
 -0.277218407      0.00000000      0.00000000     -4.66766844     00310
  -2.83234664      0.00000000      0.00000000    -0.463523346     30001
   41.3097551      0.00000000      0.00000000      7.27405986     21001
  -193.314937      0.00000000      0.00000000     -37.8616727     12001
   283.709399      0.00000000      0.00000000      65.6068498     03001
   0.00000000     -23.1982226      11.6247942      0.00000000     20101
   0.00000000      221.092527     -116.853859      0.00000000     11101
   0.00000000     -502.417981      287.400658      0.00000000     02101
  -27.1094265      0.00000000      0.00000000     -5.73950546     10201
   125.986299      0.00000000      0.00000000      30.0907095     01201
   0.00000000     -59.5802003      20.7613536      0.00000000     00301
   14.2376539      0.00000000      0.00000000      13.6919824     20020
  -152.317606      0.00000000      0.00000000     -168.604028     11020
   402.606352      0.00000000      0.00000000      520.886189     02020
   0.00000000      177.250002     -86.8366254      0.00000000     10120
   0.00000000     -793.412696      419.522457      0.00000000     01120
   4.38135871      0.00000000      0.00000000     -1.02875887     00220
   0.00000000      29.4226937     -12.4865106      0.00000000     20011
   0.00000000     -294.671331      125.026290      0.00000000     11011
   0.00000000      723.629629     -307.523893      0.00000000     02011
   57.3794073      0.00000000      0.00000000      12.3716117     10111
  -270.091460      0.00000000      0.00000000     -58.2281788     01111
   0.00000000      13.6261199     -11.0731278      0.00000000     00211
  -9.34078914      0.00000000      0.00000000     -1.89535101     20002
   91.0630773      0.00000000      0.00000000      19.9434361     11002
  -213.080266      0.00000000      0.00000000     -51.8412877     02002
   0.00000000     -41.3054158      16.6952968      0.00000000     10102
   0.00000000      195.644173     -80.3750632      0.00000000     01102
  -19.0286046      0.00000000      0.00000000     -2.75750662     00202
   0.00000000      104.815819     0.379526370      0.00000000     10030
   0.00000000     -329.559182     -54.1272520      0.00000000     01030
   5.44785273      0.00000000      0.00000000     -21.3687037     00130
   28.5939241      0.00000000      0.00000000      6.43334463     10021
  -140.633513      0.00000000      0.00000000     -29.5475704     01021
   0.00000000      43.1305555     -20.4838066      0.00000000     00121
   0.00000000      46.3423297     -21.4138983      0.00000000     10012
   0.00000000     -216.754160      103.120170      0.00000000     01012
   10.1707475      0.00000000      0.00000000      2.61076899     00112
  -11.9270787      0.00000000      0.00000000     -2.22092091     10003
   56.3925231      0.00000000      0.00000000      11.4472932     01003
   0.00000000     -24.4451681      9.53046790      0.00000000     00103
  -6.63963678      0.00000000      0.00000000     -4.76854018     00040
   0.00000000      70.3973270     -24.0073915      0.00000000     00031
   8.80243679      0.00000000      0.00000000      2.09726270     00022
   0.00000000      6.38012233     -5.23927274      0.00000000     00013
  -6.79800895      0.00000000      0.00000000    -0.955508749     00004
   7.83562786      0.00000000      0.00000000      26.1257377     50000
  -229.840452      0.00000000      0.00000000     -803.804515     41000
   2704.26756      0.00000000      0.00000000      9881.78188     32000
  -15952.2965      0.00000000      0.00000000     -60685.3739     23000
   47174.6682      0.00000000      0.00000000      186183.659     14000
  -55943.8923      0.00000000      0.00000000     -228316.028     05000
   0.00000000     -163.124855     -5.64391939      0.00000000     40100
   0.00000000      3965.50993      114.313530      0.00000000     31100
   0.00000000     -36119.6345     -858.568678      0.00000000     22100
   0.00000000      146132.748      2819.98687      0.00000000     13100
   0.00000000     -221627.276     -3390.91237      0.00000000     04100
   16.8095181      0.00000000      0.00000000     -106.002455     30200
  -262.637702      0.00000000      0.00000000      1916.83267     21200
   1380.59736      0.00000000      0.00000000     -11557.5122     12200
  -2454.12207      0.00000000      0.00000000      23236.1268     03200
   0.00000000      369.283843     -73.5657734      0.00000000     20300
   0.00000000     -4222.96027      815.697690      0.00000000     11300
   0.00000000      12267.7261     -2317.43554      0.00000000     02300
   61.1695027      0.00000000      0.00000000      44.3511985     10400
  -378.391834      0.00000000      0.00000000     -267.233654     01400
   0.00000000      140.809470     -35.9190444      0.00000000     00500
   0.00000000     -230.829076     -2.28816897      0.00000000     40010
   0.00000000      5574.60055      57.7981120      0.00000000     31010
   0.00000000     -50731.0608     -487.133946      0.00000000     22010
   0.00000000      206116.326      1599.14503      0.00000000     13010
   0.00000000     -315342.390     -1574.18610      0.00000000     04010
  -52.4236605      0.00000000      0.00000000     -329.726869     30110
   796.852757      0.00000000      0.00000000      6006.54111     21110
  -4054.01483      0.00000000      0.00000000     -36514.5047     12110
   6963.45601      0.00000000      0.00000000      74081.7001     03110
   0.00000000      582.191326      38.3922452      0.00000000     20210
   0.00000000     -8299.70061     -32.7591500      0.00000000     11210
   0.00000000      27580.2243     -775.299396      0.00000000     02210
   95.1992193      0.00000000      0.00000000      183.015584     10310
  -572.356032      0.00000000      0.00000000     -1124.74261     01310
   0.00000000      362.920288     -89.7362090      0.00000000     00410
   11.0368432      0.00000000      0.00000000      15.6400822     40001
  -245.458722      0.00000000      0.00000000     -376.168034     31001
   2063.20159      0.00000000      0.00000000      3397.26525     22001
  -7774.06056      0.00000000      0.00000000     -13653.1723     13001
   11085.4063      0.00000000      0.00000000      20600.7062     04001
   0.00000000      18.5125874     -35.6564922      0.00000000     30101
   0.00000000     -195.814584      580.010714      0.00000000     21101
   0.00000000      480.977059     -3163.20315      0.00000000     12101
   0.00000000      198.550434      5787.25616      0.00000000     03101
   157.269373      0.00000000      0.00000000      3.17395067     20201
  -1783.91435      0.00000000      0.00000000     -21.9074314     11201
   5131.46314      0.00000000      0.00000000      29.2139528     02201
   0.00000000      639.711894     -226.653099      0.00000000     10301
   0.00000000     -3644.45415      1293.47719      0.00000000     01301
   128.511648      0.00000000      0.00000000      31.0771420     00401
   9.52028722      0.00000000      0.00000000     -231.290352     30020
  -84.7565876      0.00000000      0.00000000      4309.60680     21020
   1.65147915      0.00000000      0.00000000     -26789.5211     12020
   957.278108      0.00000000      0.00000000      55533.2312     03020
   0.00000000      1455.96712     -329.639737      0.00000000     20120
   0.00000000     -16657.6233      3429.75700      0.00000000     11120
   0.00000000      48147.3275     -8944.45495      0.00000000     02120
   163.802159      0.00000000      0.00000000      419.802574     10220
  -1026.15201      0.00000000      0.00000000     -2586.57667     01220
   0.00000000      1263.12354     -370.390642      0.00000000     00320
   0.00000000     -48.1537162      1.33842451      0.00000000     30011
   0.00000000      642.998000      76.3410791      0.00000000     21011
   0.00000000     -2811.61995     -938.319192      0.00000000     12011
   0.00000000      4072.63434      2613.93314      0.00000000     03011
  -35.9655802      0.00000000      0.00000000     -78.9092411     20111
   84.2790381      0.00000000      0.00000000      888.000299     11111
   467.788986      0.00000000      0.00000000     -2526.52248     02111
   0.00000000     -40.7253664      66.8833116      0.00000000     10211
   0.00000000     -652.329404     -80.7381526      0.00000000     01211
   148.913061      0.00000000      0.00000000      53.5066904     00311
   36.8918004      0.00000000      0.00000000      9.75337871     30002
  -604.708801      0.00000000      0.00000000     -166.455026     21002
   3333.42322      0.00000000      0.00000000      951.784576     12002
  -6188.59593      0.00000000      0.00000000     -1823.50309     03002
   0.00000000      219.332852     -93.6461984      0.00000000     20102
   0.00000000     -2450.35638      1052.26394      0.00000000     11102
   0.00000000      6917.27980     -2983.92671      0.00000000     02102
   341.628308      0.00000000      0.00000000      58.8215241     10202
  -1997.64122      0.00000000      0.00000000     -348.107890     01202
   0.00000000      555.280170     -212.737205      0.00000000     00302
   0.00000000      1050.87743     -54.0161587      0.00000000     20030
   0.00000000     -11074.4816      393.673114      0.00000000     11030
   0.00000000      29853.7424     -650.956796      0.00000000     02030
  -10.1640505      0.00000000      0.00000000      356.314323     10130
   153.115750      0.00000000      0.00000000     -2269.16557     01130
   0.00000000     -652.213141      162.544892      0.00000000     00230
   91.1016596      0.00000000      0.00000000     -13.9610815     20021
  -879.690712      0.00000000      0.00000000      214.597117     11021
   2106.01508      0.00000000      0.00000000     -759.007878     02021
   0.00000000      284.148194     -112.592708      0.00000000     10121
   0.00000000     -1819.23990      668.114950      0.00000000     01121
   294.798543      0.00000000      0.00000000      84.8476254     00221
   0.00000000     -10.5295906      12.7019627      0.00000000     20012
   0.00000000     -158.378660     -29.4732229      0.00000000     11012
   0.00000000      1077.99695     -182.037869      0.00000000     02012
   20.6017377      0.00000000      0.00000000      1.22607778     10112
  -315.399937      0.00000000      0.00000000     -33.7963747     01112
   0.00000000      344.275858     -112.453310      0.00000000     00212
   90.3244675      0.00000000      0.00000000      16.3774548     20003
  -1016.15800      0.00000000      0.00000000     -186.243902     11003
   2887.61449      0.00000000      0.00000000      533.028445     02003
   0.00000000      317.320424     -129.698798      0.00000000     10103
   0.00000000     -1814.95140      745.502967      0.00000000     01103
   267.518888      0.00000000      0.00000000      46.2758304     00203
  -74.7412696      0.00000000      0.00000000      183.349962     10040
   414.281744      0.00000000      0.00000000     -1189.95676     01040
   0.00000000     -1253.73748      436.863633      0.00000000     00140
   0.00000000      55.3277557     -14.1858505      0.00000000     10031
   0.00000000      21.1558139     -60.5718426      0.00000000     01031
  -278.682204      0.00000000      0.00000000     -39.4117168     00131
   61.7130015      0.00000000      0.00000000      10.0827536     10022
  -355.474111      0.00000000      0.00000000     -51.9342789     01022
   0.00000000      274.222288     -107.008367      0.00000000     00122
   0.00000000     -18.1106608      19.4614735      0.00000000     10013
   0.00000000     -28.8715496     -55.3060387      0.00000000     01013
   119.620484      0.00000000      0.00000000      23.4482657     00113
   109.925032      0.00000000      0.00000000      18.8303615     10004
  -627.264124      0.00000000      0.00000000     -109.328888     01004
   0.00000000      183.446624     -75.0508357      0.00000000     00104
   0.00000000     -648.274921      172.373855      0.00000000     00050
  -136.318006      0.00000000      0.00000000     -32.3016526     00041
   0.00000000     -252.137120      94.5658977      0.00000000     00032
   38.8657429      0.00000000      0.00000000      6.99823137     00023
   0.00000000      29.9395410     -5.44246052      0.00000000     00014
   54.2314030      0.00000000      0.00000000      8.95457344     00005
 ------------------------------------------------------------------------------
